
実行結果
------------------------
0
11
277363943098
11718085204285
49720483695876
102626409374399
25707281917278
25979478236433
137139456763464
148267022728371
-153563339347390
-215841082553819
233987836661708
-19215879519769
-121580410431130
156526639281273
-267167064830576
-65569269389733
5324043867850
71032958119949
83935042429844
246566694182415
-131855020620178
259030427177185
145080971318744
-53359365153533
-228439391105966
-31999639262475
-120861408909220
21610118862647
-51995779691402
-4252800462263
-248161932075232
-29862834143061
220812515404506
28405405702877
71300602445348
-275890045366945
106503790742398
191087003326641
191662796360040
211868089921875
1753435247202
-105720111145019
-245878965943060
173824815849607
-64477961985146
-228969810672615
-141660248312656
143411610898171
-192546053250326
197511712053677
103370737179828
-34814974185297
104425714644110
-133629570108287
120424722284792
-128706353202781
-93455718728590
48172142504085
-47631438961284
242604802137559
216516502232726
-266675174520343
-9364773515712
94092556947787
23108121296634
-205388172579715
20902998949700
190340630808575
228039359201694
-150811130944431
-121263628567416
144172333430259
-116386994681214
207942042371429
-36116388001268
162683337690919
271539919535526
-187594825571399
110571243547600
49800729003931
-249986646049014
-41466657762483
228324573144532
268776875414351
-26941883354450
39101168592929
193144566594584
-245731187284413
1151288704146
-281333455440331
-227163840335204
165163928728695
105541619040438
7539572150665
-150655176700576
221054413926891
-156996939898086
81037739216413
